70514
70888
72246
73002
73805
75534
75542
76691
78315
79055
81156
82608
81773
82063
83421
83587
84063
86122
85225
86078
87005
87542
89934
90325
89126
89349
88605
89432
90203
90634
89400
89245
89871
90183
92305
94985
91899
90688
91774
91312
90858
92170
89911
89444
91469
91475
92924
97000
92395
91001
90682
89227
88197
89089
87264
85771
86739
85537
86132
88999
83583
82426
81014
78824
77448
79457
75712
75512
77433
75581
77450
83286
77876
77071
77439
74826
74939
77022
75301
75194
78064
75895
78901
84453
78806
79404
81678
78435
