1429
1439
1456
1479
1569
1566
1575
1587
1556
1554
1593
1573
1551
1556
1553
1563
1635
1663
1690
1732
1655
1653
1708
1728
1775
1750
1704
1687
1699
1677
1706
1709
1760
1759
1829
1853
1871
1962
2049
1993
2080
2040
2153
2256
2346
2309
2326
2352
2424
2414
2224
2187
2250
2110
2123
2090
2042
2026
1684
1091
1084
1087
1083
1077
1105
1092
1047
1055
1071
1074
1080
1048
1037
1042
1038
1033
1062
1014
1004
1019
1024
1006
1021
1015
1000
1044
1075
1069
1383
1364
1400
1400
1422
1488
1511
1559
1607
1648
1717
1812
1808
1824
1864
1897
1931
1943
1973
2063
2096
2094
2130
2229
2250
2264
2303
2318
2335
2346
2376
2399
2421
2441
2468
2479
2479
2488
2562
2564
2540
2539
2537
2486
2491
2476
2467
2476
2464
2456
2464
2470
2462
2456
2443
2446
2445
2440
2421
2366
2349
2374
2361
2345
2232
2230
2218
2208
2211
2189
2174
2128
2110
2193
2180
2161
2157
2153
2147
2141
2139
2104
2114
2119
2092
2164
2148
2130
2115
2783
2759
2781
2811
2797
2795
2733
2662
2719
2782
2792
2963
2917
2923
3010
2995
3025
3161
3119
3155
3149
3175
3252
3322
3248
3184
3221
3269
3240
3180
3116
3044
3111
3105
3110
3155
3162
3144
3169
3143
3118
3093
3113
3264
3268
3271
3219
3403
3402
3542
3388
3571
3735
3798
3380
3428
3538
3792
3634
3916
3841
3901
4022
3916
4014
4011
3862
3913
3995
4109
4060
4440
4198
4203
4218
4185
4216
4407
4308
4369
4510
4397
4512
4840
4582
4706
4962
4913
4975