76.7000
69.2000
68.6000
66.9500
69.3500
71.7000
75.7000
79.8000
80.6000
83.7500
87.2000
91.3000
93.9500
93.5500
95
98.5000
99.2000
99.7500
95.7500
97
98.2000
100.8000
103.9000
100.5500
95.5000
92.5500
89.3000
90.4500
90.7500
88.1500
90.6500
94.1000
97.8000
98.8000
95.6000
91.9500
90.4000
93.3000
99.2500
103.5500
102.9000
101.6500
107.6500
115.4500
121.5500
120.4500
120.3500
119.7000
125.5500
128.9000
133.9000
138.8500
142.4500
150.6500
153.8000
154.5500
156.1000
158.4000
144.2500
140.5500
140.3000
148.1500
156.8000
163.5000
161.2000
152.7000
153.9500
159.3000
154.6500
158.1500
160.1000
164.0500
168.8000
168.8500
175.3500
183.8500
195.3000
189.8000
189.9500
198
198.9500
195.3500
204.5000
212.4500
216.3000
211.5000
210.8500
227.2500
239.3000
247.4500
274.9000
278.6500
307.2500
309
308.8500
309.2000
310.2500
316.4500
341.4500
359.1500
362.3500
291.5000
228.2000
247.2000
255.6500
267.4000
278.2500
285.5000
266.7000
243.1500
229.8000
228.8000
225
198.7500
180.9500
172.1500
167.2500
181.5500
180.0500
158
141.4500
139.3000
145.3500
139.8000
118.3500
98.1000
103.4000
82.8000
78.5500
78.9000
81.0500
64.0500
51.8500
46.8500
47.7500
64.4000
71
65.3000
62.2000
58.8500
61.8500
55.1500
57.7500
66.7000
83.3000
93.8000
98.5500
98.8500
99.4500
91.6500
95.4500
99.0500
102.8500
106.9000
102.3000
103.5500
96.2000
95.9000
92.2500
91.6000
90.2000
93
98.3000
101.8000
103.2000
103.7000
100
105.4500
112.7500
115.2500
122.6500
126.9500
130.7000
134.8000
144.7500
141.7000
146.3000
152
154.6000
152.8500
149.5000
155
162.2500
164.9500
167.4000
172.9500
180.8000
179.0500
182.3000
188.4000
187.1000
177.6500
171.9000
170.3000
177.8500
182.9500
160.2500
139.9000
124.7500
124.3500
127.2500
125.4500
114.7500
111
113.5500
122.8000
139.7500
140.9500
136.5000
148.6500
152.2500
151.1000
145.6500
144.8500
142.0500
127.1000
133
135.1000
138.2000
137.8000
144.4000
152.5500
149.1500
148.3500
148.7500
146.9500
147
149.0500
131.0500
117.8500
123.5500
125.3500
131.4000
132.7500
133.9500
130.4000
128.8500
121.2500
122.1000
120.1000
116.5500
120.1000
126.5000
126.5500
127.5500
122.3500
117.0500
111.5000
111.5500
107.9500
103.1000
97.7000
98.4500
103.8000
105.8000
106.2000
107.8000
112.5000
115.7000
117.1500
122.4200
127.5900
132.7100
134.0600
139.1300
141.0800
140.8800
136.2200
139.3300
138.3600
134.0400
133.4600
137.2800
135.8400
138.7200
137.0600
139.6500
145.1200
148.0400
146.9300
145.0600
147.3800
146.8400
149.9200
153.6000
157.1000
156.9000
160.2200
166.0800
166.7400
164
167.9200
177.8000
185.0600
189.3400
192.4400
198.1200
196.5000
194.5100
203.7500
206.5800
206
201.3900
196.8600
173.1800
169.5300
168.9800
172.9100
176.2000
180.8600
177.1200
172.0700
168.7100
172.7200
183.3600
180.6900
177.3400
181.7000
181.2800
178.4500
176.1100
170.2800
171.3000
180.5500
185.6700
190.5300
186.4100
181.4400
180.6800
185.0300
180.4800
175.5700
178.2800
175.7400
176.0600
175.2000
172.5000
164.8800
172.2700
179.4300
180.6600
186.1700
190.8000
196.6200
199.7900
203.4600
206.3000
212.6700
219.3600
221.0200
205.3000
216.6000
223.2100
229.3200
229.3800
229.2600
244.4500
253.3200
249.5000
253.3600
254.3600
249.3200
253.6000
264.9200
273.3600
269.7300
259.6100
266.0900
271.7100
265.1900
264.4800
262.5500
261.6100
268.3900
276.0400
276.7000
272.4000
267.7700
276.3700
285.9500
288.4400
283.9400
286.7900
275.2800
276.8400
266.8800
270.3200
272.2100
261.9000
270.7300
277.1000
281.1500
286.6400
292.1300
299.1500
310.9200
322.8600
327.9100
341.2700
346.0600
352.7100
358.2900
375.7500
393.8400
398.4300
410.2500
408.9100
422.9900
421.5500
440.7900
462.1600
457.2900
476.4300
452.6500
476.5800
484.5800
474.7500
475.5200
502.6700
511.0400
495.2000
485.3300
509.7600
511.6900
495.0100
483.8000
479.3400
492.0100
485.9000
466.8400
472.7800
485.4200
500.8300
505.2700
514.6400
487.9700
471.7900
443.3800
436.7300
436.9400
445.6800
444.1600
450.1400
446.9000
460.0400
471.9700
488.2700
507.5500
521.8200
539.8500
557.1000
566.4300
592.2900
590.7200
609.1200
616.9900
630.8000
631.5100
662.8100
660.5800
635.4700
637.3400
646.4300
671.3500
665.3900
624.8800
614.7000
619.9800
615.6400
644.3800
625.8300
624.4700
598.1000
582.4500
601.1400
609.5400
632.2000
650.0100
670.5600
684.9000
693.0300
691.4400
690.6600
718.6400
711.0200
703.0100
724.7400
728.4400
705.1600
711.9500
714.2100
690.2800
643.7100
572.6400
581.7800
602.5100
597.0200
580.6500
628.8200
648.3800
672.1000
679.7500
674.6300
707.1200
720.8400
719.1400
700.7500
714.1500
738.5200
747.5200
743.2400
759.9400
776.6200
793.0300
812.1800
820.9400
823.1200
817.6300
844.2400
835.3000
863.5500
875.2600
880.0400
866.7300
889.8900
894.4100
896.4400
907.7100
927.5000
878.0600
873.4300
887.7000
922.1800
944.7700
953.3100
955.1900
985.9300
977.1500
926.4300
943.7000
890.7000
888.7300
875.8700
817.5500
791.6500
778.1000
806.5500
800.8600
830.5600
851.1200
858.1100
868.6600
883.7400
872.6600
888.5100
912.4600
923.4500
907.5400
865.4300
887.2000
884.7700
847.2000
834.7600
893.3700
905.2200
906.8200
905.3200
883.7200
922.8000
955.4700
964.1200
965.3900